<?xml version="1.0"?>
<opencv_storage>
<my_matrix type_id="opencv-matrix">
  <rows>3</rows>
  <cols>3</cols>
  <dt>d</dt>
  <data>
    -4.1072295625798366e-01 -1.6163936285645109e+00
    1.1149094711976177e+03 1.0853466963479643e+00
    -2.4326734271912698e-01 -3.1279698539306480e+01
    -2.3410799913806696e-04 -3.7749066022764715e-04 1.</data></my_matrix>
</opencv_storage>
