<?xml version="1.0"?>
<opencv_storage>
<transformation_matrix type_id="opencv-matrix">
  <rows>3</rows>
  <cols>3</cols>
  <dt>d</dt>
  <data>
    2.0697094126341278e+00 -6.5673512686953595e-01
    -3.3513467210917374e+03 3.7414902040698578e-01
    2.4771248811389559e+00 -3.9341659653190613e+03
    -7.7967243016229543e-05 -1.1461230157539128e-04 1.</data></transformation_matrix>
</opencv_storage>
