<?xml version="1.0"?>
<opencv_storage>
<transformation_matrix type_id="opencv-matrix">
  <rows>3</rows>
  <cols>3</cols>
  <dt>d</dt>
  <data>
    2.2376097479612911e+00 7.9775658799152405e-01
    -2.5750479445703040e+03 -6.6961770983001601e-02
    3.6159357296198307e+00 -2.7186630040405839e+03
    -1.8065261939574076e-05 4.1242629776934247e-04 1.</data></transformation_matrix>
</opencv_storage>
